
手风琴：

	500-30*(5-4)
	500-30*(5-3)
	500-30*(5-2)
	500-30*(5-1)


	i<=this.index
		30*i
	i>=this.index
		oUl.offsetWidth-30*(aLi.length-i)
--------------------
无缝滚动：

	复制一份内容
	宽度增加

	DOM 操作耗性能

往左走
left 		%400	  希望left

  0			0			      0
-100		-100			-100
-200		-200			-200
-300		-300			-300
-400		0			      0
-500  		-100			-100

-612/612=0
---------------------------------
往左走

left 		%400	 -400	%400   希望left

  0			0		 -400     0  	0
-100		-100	 -500	-100	-100
-200		-200	 -600	-200	-200
-300		-300	 -700	-300	-300
-400		0		 -400	  0  	 0
-500  		-100	 -500	-100	-100



--------------
右
left	%400	-400	%400	  希望left

 0		 0		-400	  0		      0
100		100		-300	-300		-300
200		200		-200	-200	    -200
300		300   	-100	-100		-100
400		 0		-400	  0	          0
500  	100		-300	-300	    -300
 

-------------------
iNum     希望iNum

	%5
0    0      0
1    1      1
2    2      2
3    3      3
4    4      4
5    0      0

------------------------

0	0	5	0  0
1   1   6   1  1
2   2   7   2  2
3   3   8   3  3
4   4   9   4  4
5   0   5   0  0

------------------------


点左边
iNum	%5	   +5	 %5		真正iNum

-1 		-1		4	  4		4
-2   	-2		3	  3		3
-3 		-3		2	  2		2
-4 		-4		1	  1		1
-5       0 		5	  0		0
-6 		-1		4	  4		4

------------------
13        12

17        16

求走了几轮
	parseInt(iNum/5)*5+2 
		5  ---> aBtn.length;
		2  ---> this.index;

----------------------
无线运动：
	
	回调函数
		自己调用自己

----------------------
官网分页：
	定时器
		改变每个li 的样式

	执行时机
		
















